37.0 APEX_CODE,DEBUG;APEX_PROFILING,INFO;CALLOUT,INFO;DB,INFO;SYSTEM,DEBUG;VALIDATION,INFO;VISUALFORCE,INFO;WAVE,INFO;WORKFLOW,INFO
06:39:54.0 (54981)|USER_INFO|[EXTERNAL]|005g0000004SEeD|bhakti.gujrathi@eternussolutions.com.sgdev|Central Standard Time|GMT-05:00
06:39:54.0 (97059)|EXECUTION_STARTED
06:39:54.0 (102217)|CODE_UNIT_STARTED|[EXTERNAL]|066j0000002vLO5|VF: /apex/CreateOpportunity
06:39:54.0 (591635)|VF_DESERIALIZE_VIEWSTATE_BEGIN|066j0000002vLO5
06:39:54.0 (78883912)|VF_DESERIALIZE_VIEWSTATE_END
06:39:54.83 (83002955)|SYSTEM_MODE_ENTER|true
06:39:54.89 (89363631)|SYSTEM_MODE_ENTER|true
06:39:54.0 (104379660)|SYSTEM_MODE_ENTER|true
06:39:54.0 (104545914)|SYSTEM_MODE_ENTER|true
06:39:54.0 (104605904)|SYSTEM_MODE_ENTER|true
06:39:54.105 (105377933)|SYSTEM_MODE_ENTER|true
06:39:54.106 (106123900)|SYSTEM_MODE_ENTER|true
06:39:54.0 (110719008)|SYSTEM_MODE_ENTER|true
06:39:54.0 (114902575)|SYSTEM_MODE_ENTER|true
06:39:54.0 (129205052)|SYSTEM_MODE_ENTER|true
06:39:54.0 (129297010)|SYSTEM_MODE_ENTER|true
06:39:54.0 (129348053)|SYSTEM_MODE_ENTER|true
06:39:54.0 (129394012)|SYSTEM_MODE_ENTER|true
06:39:54.0 (129436294)|SYSTEM_MODE_ENTER|true
06:39:54.0 (129554818)|SYSTEM_MODE_ENTER|true
06:39:54.0 (130908444)|SYSTEM_MODE_ENTER|true
06:39:54.0 (145125338)|SYSTEM_MODE_ENTER|true
06:39:54.0 (151786319)|SYSTEM_MODE_ENTER|true
06:39:54.0 (156770478)|SYSTEM_MODE_ENTER|true
06:39:54.0 (159673581)|SYSTEM_MODE_ENTER|true
06:39:54.0 (164791694)|SYSTEM_MODE_ENTER|true
06:39:54.0 (185951263)|SYSTEM_MODE_ENTER|true
06:39:54.0 (193411527)|SYSTEM_MODE_ENTER|true
06:39:54.0 (198478443)|SYSTEM_MODE_ENTER|true
06:39:54.0 (203750588)|SYSTEM_MODE_ENTER|true
06:39:54.0 (218089581)|SYSTEM_MODE_ENTER|true
06:39:54.0 (226368490)|SYSTEM_MODE_ENTER|true
06:39:54.0 (226612804)|SYSTEM_MODE_ENTER|true
06:39:54.0 (227606257)|SYSTEM_MODE_ENTER|true
06:39:54.0 (228110594)|SYSTEM_MODE_ENTER|true
06:39:54.233 (233019465)|CUMULATIVE_LIMIT_USAGE
06:39:54.233 (233019465)|LIMIT_USAGE_FOR_NS|(default)|
  Number of SOQL queries: 0 out of 100
  Number of query rows: 0 out of 50000
  Number of SOSL queries: 0 out of 20
  Number of DML statements: 0 out of 150
  Number of DML rows: 0 out of 10000
  Maximum CPU time: 0 out of 10000
  Maximum heap size: 0 out of 6000000
  Number of callouts: 0 out of 100
  Number of Email Invocations: 0 out of 10
  Number of future calls: 0 out of 50
  Number of queueable jobs added to the queue: 0 out of 50
  Number of Mobile Apex push calls: 0 out of 10

06:39:54.233 (233019465)|CUMULATIVE_LIMIT_USAGE_END

06:39:54.0 (233075775)|CODE_UNIT_FINISHED|VF: /apex/CreateOpportunity
06:39:54.0 (233806893)|EXECUTION_FINISHED
