37.0 APEX_CODE,DEBUG;APEX_PROFILING,INFO;CALLOUT,INFO;DB,INFO;SYSTEM,DEBUG;VALIDATION,INFO;VISUALFORCE,INFO;WAVE,INFO;WORKFLOW,INFO
05:41:54.0 (53443)|USER_INFO|[EXTERNAL]|005g0000004SEeD|bhakti.gujrathi@eternussolutions.com.sgdev|Central Standard Time|GMT-05:00
05:41:54.0 (94021)|EXECUTION_STARTED
05:41:54.0 (97676)|CODE_UNIT_STARTED|[EXTERNAL]|0660a0000009uTC|VF: /apex/PAW_New_Edit
05:41:54.0 (219354)|VF_DESERIALIZE_VIEWSTATE_BEGIN|0660a0000009uTC
05:41:54.0 (13645357)|VF_DESERIALIZE_VIEWSTATE_END
05:41:54.14 (14528292)|SYSTEM_MODE_ENTER|true
05:41:54.15 (15295417)|SYSTEM_MODE_ENTER|true
05:41:54.0 (15499279)|SYSTEM_MODE_ENTER|true
05:41:54.0 (15938702)|SYSTEM_MODE_ENTER|true
05:41:54.0 (16440060)|SYSTEM_MODE_ENTER|true
05:41:54.0 (19521973)|SYSTEM_MODE_ENTER|true
05:41:54.0 (20036200)|SYSTEM_MODE_ENTER|true
05:41:54.0 (22425636)|SYSTEM_MODE_ENTER|true
05:41:54.0 (24130225)|SOQL_EXECUTE_BEGIN|[172]|Aggregations:0|SELECT Id, Name, RecordType.Name, Uncovered_Charges__c, Patient_Insurance__r.Accepts_Assignment_of_Benefits__c, Patient_Insurance__r.Opportunity__c, Patient_Insurance__r.Accreditation__c, Patient_Insurance__r.Insurance_Company__r.Name, PHP_Admit_Co_Payment__c, Detox_Admit_Co_Payment__c, RTC_Admit_Co_Payment__c, Deductible__c, Deductible_Met__c, IOP_Admit_Co_Payment__c, Max_Out_of_Pocket_Remaining__c, Insurance_Company_is_Out_of_Network__c, Annual_Max_Remaining__c, Deductible_Remaining__c, Detox_Pays_at__c, Detox_Over__c, RTC_Pays_at__c, Residential_Treatment_Override__c, PHP_Pays_at__c, Partial_Hospitalization_Override__c, IOP_Pays_at__c, Intensive_Outpatient_Override__c, Num_Days_Uncovered__c, Num_Days_Room__c, Uncovered_Days_Rate__c, Room_and_Board_Days_Rate__c, Uncovered_Days_Override__c, Room_and_Board_Days_Override__c, Deductible_Included_in_OOP__c, Uncovered_Days__c, Lifetime_Max__c, Lifetime_Max_Met__c, Annual_Max__c, Annual_Max_Met__c, Max_Out_of_Pocket__c, Max_Out_of_Pocket_Met__c, Co_Pay_Met__c FROM Insurance_Benefit__c WHERE Patient_Insurance__c = :tmpVar1
05:41:54.0 (33595571)|SOQL_EXECUTE_END|[172]|Rows:1
05:41:54.0 (34721119)|SYSTEM_MODE_ENTER|true
05:41:54.0 (34851191)|SYSTEM_MODE_ENTER|true
05:41:54.38 (38333443)|SYSTEM_MODE_ENTER|true
05:41:54.0 (42667642)|SYSTEM_MODE_ENTER|false
05:41:54.0 (42679322)|SYSTEM_MODE_EXIT|false
05:41:54.0 (42717942)|SYSTEM_MODE_ENTER|false
05:41:54.0 (42757154)|SYSTEM_MODE_EXIT|false
05:41:54.0 (42779347)|SYSTEM_MODE_ENTER|false
05:41:54.0 (45696566)|SYSTEM_MODE_EXIT|false
05:41:54.55 (55146950)|SYSTEM_MODE_ENTER|true
05:41:54.55 (55268324)|SYSTEM_MODE_ENTER|true
05:41:54.0 (55595101)|SYSTEM_MODE_ENTER|true
05:41:54.0 (55669324)|SYSTEM_MODE_ENTER|true
05:41:54.0 (55859141)|SYSTEM_MODE_ENTER|true
05:41:54.0 (57761376)|SYSTEM_MODE_ENTER|true
05:41:54.0 (58191290)|SYSTEM_MODE_ENTER|true
05:41:54.60 (60014201)|SYSTEM_MODE_ENTER|true
05:41:54.60 (60149645)|SYSTEM_MODE_ENTER|true
05:41:54.0 (70211975)|VF_SERIALIZE_VIEWSTATE_BEGIN|0660a0000009uTC
05:41:54.0 (77416727)|VF_SERIALIZE_VIEWSTATE_END
05:41:54.82 (82039818)|CUMULATIVE_LIMIT_USAGE
05:41:54.82 (82039818)|LIMIT_USAGE_FOR_NS|(default)|
  Number of SOQL queries: 1 out of 100
  Number of query rows: 1 out of 50000
  Number of SOSL queries: 0 out of 20
  Number of DML statements: 0 out of 150
  Number of DML rows: 0 out of 10000
  Maximum CPU time: 0 out of 10000
  Maximum heap size: 0 out of 6000000
  Number of callouts: 0 out of 100
  Number of Email Invocations: 0 out of 10
  Number of future calls: 0 out of 50
  Number of queueable jobs added to the queue: 0 out of 50
  Number of Mobile Apex push calls: 0 out of 10

05:41:54.82 (82039818)|CUMULATIVE_LIMIT_USAGE_END

05:41:54.0 (82085070)|CODE_UNIT_FINISHED|VF: /apex/PAW_New_Edit
05:41:54.0 (82840446)|EXECUTION_FINISHED
