37.0 APEX_CODE,DEBUG;APEX_PROFILING,INFO;CALLOUT,INFO;DB,INFO;SYSTEM,DEBUG;VALIDATION,INFO;VISUALFORCE,INFO;WAVE,INFO;WORKFLOW,INFO
06:59:35.0 (362141)|USER_INFO|[EXTERNAL]|005g0000004SEeD|bhakti.gujrathi@eternussolutions.com.sgdev|Central Standard Time|GMT-05:00
06:59:35.0 (406922)|EXECUTION_STARTED
06:59:35.0 (411453)|CODE_UNIT_STARTED|[EXTERNAL]|066j0000002vLO5|VF: /apex/CreateOpportunity
06:59:35.0 (1271730)|VF_DESERIALIZE_VIEWSTATE_BEGIN|066j0000002vLO5
06:59:35.0 (38660461)|VF_DESERIALIZE_VIEWSTATE_END
06:59:35.40 (40558383)|SYSTEM_MODE_ENTER|true
06:59:35.43 (43248088)|SYSTEM_MODE_ENTER|true
06:59:35.0 (47873374)|SYSTEM_MODE_ENTER|true
06:59:35.0 (47986882)|SYSTEM_MODE_ENTER|true
06:59:35.0 (48035659)|SYSTEM_MODE_ENTER|true
06:59:35.48 (48344666)|SYSTEM_MODE_ENTER|true
06:59:35.48 (48977608)|SYSTEM_MODE_ENTER|true
06:59:35.0 (52772648)|SYSTEM_MODE_ENTER|true
06:59:35.0 (53022829)|SYSTEM_MODE_ENTER|true
06:59:35.0 (68375247)|SYSTEM_MODE_ENTER|true
06:59:35.0 (68486782)|SYSTEM_MODE_ENTER|true
06:59:35.0 (68537908)|SYSTEM_MODE_ENTER|true
06:59:35.0 (68581219)|SYSTEM_MODE_ENTER|true
06:59:35.0 (68621075)|SYSTEM_MODE_ENTER|true
06:59:35.0 (68765065)|SYSTEM_MODE_ENTER|true
06:59:35.0 (83590365)|SYSTEM_MODE_ENTER|true
06:59:35.0 (90519016)|SYSTEM_MODE_ENTER|true
06:59:35.0 (94801770)|SYSTEM_MODE_ENTER|true
06:59:35.0 (96873132)|SYSTEM_MODE_ENTER|true
06:59:35.0 (101840367)|SYSTEM_MODE_ENTER|true
06:59:35.0 (124786978)|SYSTEM_MODE_ENTER|true
06:59:35.0 (131648740)|SYSTEM_MODE_ENTER|true
06:59:35.0 (136474103)|SYSTEM_MODE_ENTER|true
06:59:35.0 (142840719)|SYSTEM_MODE_ENTER|true
06:59:35.0 (160579090)|SYSTEM_MODE_ENTER|true
06:59:35.0 (169267218)|SYSTEM_MODE_ENTER|true
06:59:35.0 (169453131)|SYSTEM_MODE_ENTER|true
06:59:35.0 (170550716)|SYSTEM_MODE_ENTER|true
06:59:35.0 (170770094)|SYSTEM_MODE_ENTER|true
06:59:35.199 (199940636)|SYSTEM_MODE_ENTER|true
06:59:35.0 (217412884)|USER_DEBUG|[3074]|DEBUG|renderedSection
06:59:35.0 (287263948)|SYSTEM_MODE_ENTER|true
06:59:35.0 (287354056)|SYSTEM_MODE_ENTER|true
06:59:35.0 (287396320)|SYSTEM_MODE_ENTER|true
06:59:35.0 (287524695)|SYSTEM_MODE_ENTER|true
06:59:35.287 (287657148)|SYSTEM_MODE_ENTER|true
06:59:35.287 (287805763)|SYSTEM_MODE_ENTER|true
06:59:35.0 (288225234)|SYSTEM_MODE_ENTER|true
06:59:35.0 (288353222)|SYSTEM_MODE_ENTER|true
06:59:35.0 (294938331)|SYSTEM_MODE_ENTER|true
06:59:35.0 (295007956)|SYSTEM_MODE_ENTER|true
06:59:35.0 (295047186)|SYSTEM_MODE_ENTER|true
06:59:35.0 (295087379)|SYSTEM_MODE_ENTER|true
06:59:35.0 (295125534)|SYSTEM_MODE_ENTER|true
06:59:35.0 (295210080)|SYSTEM_MODE_ENTER|true
06:59:35.0 (300982273)|SYSTEM_MODE_ENTER|true
06:59:35.0 (305412077)|SYSTEM_MODE_ENTER|true
06:59:35.0 (306419389)|SYSTEM_MODE_ENTER|true
06:59:35.0 (306939423)|SYSTEM_MODE_ENTER|true
06:59:35.0 (308776409)|SYSTEM_MODE_ENTER|true
06:59:35.0 (322949409)|SYSTEM_MODE_ENTER|true
06:59:35.0 (325547784)|SYSTEM_MODE_ENTER|true
06:59:35.0 (327694085)|SYSTEM_MODE_ENTER|true
06:59:35.0 (332729510)|SYSTEM_MODE_ENTER|true
06:59:35.0 (348552385)|SYSTEM_MODE_ENTER|true
06:59:35.0 (352801739)|SYSTEM_MODE_ENTER|true
06:59:35.0 (352981963)|SYSTEM_MODE_ENTER|true
06:59:35.0 (353513196)|SYSTEM_MODE_ENTER|true
06:59:35.0 (353725031)|SYSTEM_MODE_ENTER|true
06:59:35.0 (373133780)|VF_SERIALIZE_VIEWSTATE_BEGIN|066j0000002vLO5
06:59:35.0 (448235902)|VF_SERIALIZE_VIEWSTATE_END
06:59:35.511 (511613923)|CUMULATIVE_LIMIT_USAGE
06:59:35.511 (511613923)|LIMIT_USAGE_FOR_NS|(default)|
  Number of SOQL queries: 0 out of 100
  Number of query rows: 0 out of 50000
  Number of SOSL queries: 0 out of 20
  Number of DML statements: 0 out of 150
  Number of DML rows: 0 out of 10000
  Maximum CPU time: 0 out of 10000
  Maximum heap size: 0 out of 6000000
  Number of callouts: 0 out of 100
  Number of Email Invocations: 0 out of 10
  Number of future calls: 0 out of 50
  Number of queueable jobs added to the queue: 0 out of 50
  Number of Mobile Apex push calls: 0 out of 10

06:59:35.511 (511613923)|CUMULATIVE_LIMIT_USAGE_END

06:59:35.0 (511657353)|CODE_UNIT_FINISHED|VF: /apex/CreateOpportunity
06:59:35.0 (512331793)|EXECUTION_FINISHED
